626 8
1245 8
1512 4
1552 0
1624 0
176 26
488 16
728 16
888 34
608 34
640 36
264 52
450 48
925 48
1408 40
1504 50
1656 40
301 64
1192 48
1600 52
880 56
1016 60
1456 60
642 76
340 80
732 82
952 72
1256 72
1312 80
1480 88
146 96
602 101
756 96
880 96
1352 88
1576 88
24 96
1448 96
298 114
346 106
668 120
368 120
776 120
1328 120
1522 125
120 136
1592 128
1296 136
325 152
666 152
784 152
864 152
1448 152
464 160
744 172
952 160
1344 168
620 180
1408 168
1176 176
1528 176
88 184
512 184
768 197
280 196
1208 192
328 200
716 212
848 200
1368 200
1464 200
1508 212
776 216
1112 216
264 224
548 228
1552 224
809 244
1224 232
660 256
840 256
280 268
600 264
784 264
876 280
1433 292
728 296
1400 304
1608 308
856 308
880 324
816 330
1464 320
1632 324
480 332
652 332
72 356
832 356
208 360
528 360
736 360
1376 364
1440 368
992 368
1544 368
1616 368
1656 376
52 404
296 392
344 408
568 400
808 400
1344 400
1600 412
848 408
1016 418
1040 408
1648 416
432 424
736 424
1256 424
768 432
1571 441
1598 444
324 448
829 448
540 452
8 469
1341 469
264 464
1180 468
232 476
356 476
784 484
1620 476
560 480
712 480
1308 488
1504 485
1557 493
1589 496
112 488
861 496
1328 500
1380 504
458 514
1418 516
288 512
805 517
904 512
1296 512
856 520
1520 520
400 528
1020 528
1352 528
368 540
624 544
1048 536
1136 536
1426 544
488 544
768 552
1178 548
648 552
808 552
848 552
1256 552
1464 552
1544 566
720 568
1056 568
1324 580
408 576
1644 576
1552 592
260 600
640 592
1112 592
1232 596
1488 592
1004 600
1168 600
1208 600
437 616
712 612
1040 608
1596 624
240 637
1236 632
1632 624
560 642
1344 632
720 640
1413 645
588 660
824 648
1008 652
1040 648
224 656
292 664
640 660
1272 656
1464 656
504 664
472 680
1368 680
1548 684
1186 698
1232 688
1264 688
1648 688
1080 696
1328 696
1416 704
1592 712
312 712
400 712
728 712
1563 723
640 732
936 724
1192 720
1240 736
1336 744
1546 754
320 752
736 752
912 760
1100 760
1448 760
1266 776
1184 776
1548 784
976 784
1504 792
1592 804
64 808
1064 812
1272 808
1560 808
960 816
1488 824
1312 832
904 840
1184 848
1352 848
1400 840
960 848
1052 866
288 864
1480 888
1608 884
1144 888
1176 888
360 900
1554 933
608 936
656 936
752 936
1229 946
1288 936
120 944
528 944
880 944
1444 956
568 952
917 960
1664 952
456 972
1192 968
1256 976
1528 981
1402 992
576 1005
1600 1000
512 1000
896 1000
1344 1000
16 1018
1528 1008
40 1016
168 1016
1280 1016
544 1024
584 1024
1392 1024
1500 1032
429 1050
176 1056
840 1058
1552 1056
736 1064
1424 1072
1320 1080
1664 1088
1509 1106
1628 1116
1000 1120
1320 1128
1441 1128
432 1128
568 1128
928 1148
1010 1146
1386 1148
256 1152
1301 1160
504 1160
723 1169
808 1174
869 1185
1064 1184
1354 1192
1528 1184
1656 1192
752 1200
816 1200
1424 1200
496 1212
656 1216
1106 1229
1587 1222
312 1224
1506 1237
891 1246
922 1240
1136 1232
592 1244
1466 1253
1104 1248
1260 1256
304 1256
1509 1272
520 1268
904 1272
1352 1264
344 1276
624 1272
814 1286
1468 1286
1256 1290
1656 1300
1296 1304
1472 1304
464 1312
624 1312
136 1320
1084 1320
1240 1320
939 1337
896 1336
680 1344
856 1344
1296 1344
1480 1344
1524 1348
104 1360
32 1360
1021 1365
384 1368
892 1380
1384 1368
1645 1381
128 1376
1117 1386
1448 1384
208 1404
1368 1400
1496 1400
976 1408
1123 1424
78 1427
884 1428
320 1424
1432 1424
1216 1443
1316 1444
1368 1432
8 1444
962 1452
1120 1440
512 1452
896 1456
1032 1448
1144 1456
970 1480
1560 1464
1290 1488
880 1480
936 1484
688 1492
1040 1488
1330 1498
760 1504
1101 1512
1184 1512
1228 1516
504 1512
800 1516
976 1522
1136 1524
408 1520
936 1528
48 1536
440 1536
1176 1536
336 1544
896 1557
1256 1544
1140 1556
184 1560
736 1564
944 1560
760 1576
1104 1576
220 1590
1264 1596
184 1596
364 1596
1168 1592
240 1612
1018 1616
328 1608
768 1612
860 1619
893 1610
1280 1620
528 1624
1156 1632
928 1632
971 1638
1032 1649
1448 1636
288 1648
1061 1653
1573 1648
1664 1640
128 1648
1120 1656
1608 1656
608 1664
1016 1664
