632 0
648 0
1256 0
1512 0
1552 0
1624 0
608 8
1240 8
1512 8
168 16
488 16
728 16
1240 16
168 24
616 24
896 24
592 32
616 32
640 32
888 32
192 40
272 40
456 40
616 40
640 40
928 40
1408 40
1512 40
1656 40
304 48
448 48
880 48
928 48
1192 48
1512 48
1600 48
448 56
880 56
920 56
1016 56
1456 56
1488 56
1504 56
1600 56
256 64
632 64
1016 64
1456 64
288 72
312 72
336 72
656 72
728 72
736 72
952 72
1256 72
640 80
1312 80
1488 80
136 88
344 88
600 88
640 88
720 88
768 88
888 88
1352 88
1568 88
1584 88
24 96
136 96
160 96
744 96
1448 96
1472 96
152 104
304 104
336 104
352 104
624 104
744 104
872 104
304 112
352 112
584 112
672 112
368 120
656 120
688 120
776 120
1328 120
1512 120
1536 120
128 128
288 128
656 128
1592 128
128 136
1296 136
1520 136
104 144
320 144
664 144
688 144
320 152
784 152
864 152
1448 152
336 160
464 160
736 160
952 160
1352 160
616 168
648 168
1408 168
1176 176
1336 176
1528 176
88 184
512 184
752 184
768 184
272 192
624 192
1208 192
288 200
328 200
728 200
784 200
848 200
1368 200
1464 200
752 208
1520 208
776 216
1112 216
1496 216
264 224
552 224
704 224
1552 224
544 232
808 232
1224 232
808 240
656 248
808 248
832 248
792 256
840 256
280 264
600 264
664 264
784 264
280 272
872 272
1424 280
880 288
1424 288
728 296
1392 296
1424 296
1448 296
1600 296
856 304
1448 304
856 312
888 312
1408 312
816 320
1464 320
1616 320
1632 320
472 328
656 328
816 328
1632 328
488 336
648 336
872 336
816 344
72 352
840 352
72 360
208 360
528 360
736 360
824 360
1376 360
1448 360
992 368
1376 368
1544 368
1616 368
1432 376
1656 376
64 392
296 392
56 400
344 400
568 400
808 400
1344 400
1592 400
48 408
328 408
848 408
1008 408
1040 408
40 416
360 416
1016 416
1648 416
432 424
736 424
1256 424
1608 424
768 432
1024 432
1560 432
1592 432
312 440
824 440
1560 440
1584 440
1592 440
544 448
848 448
1568 448
1584 448
1608 448
16 456
336 456
536 456
816 456
1336 456
1600 456
264 464
1184 464
8 472
232 472
344 472
776 472
1176 472
1328 472
1624 472
0 480
232 480
368 480
560 480
712 480
1304 480
1360 480
1496 480
1552 480
1584 480
1616 480
112 488
848 488
1336 488
1496 488
1520 488
792 496
872 496
1312 496
1376 496
1560 496
456 504
864 504
1416 504
1560 504
1584 504
1600 504
288 512
456 512
800 512
904 512
1296 512
1320 512
1384 512
1408 512
800 520
816 520
856 520
1424 520
1520 520
400 528
464 528
1008 528
1032 528
1352 528
1424 528
368 536
616 536
1048 536
1136 536
1424 536
368 544
488 544
776 544
1168 544
1184 544
1416 544
632 552
648 552
808 552
848 552
1168 552
1192 552
1256 552
1440 552
1456 552
1472 552
1544 552
760 560
712 568
728 568
1056 568
1312 568
1544 568
1560 568
408 576
1528 576
1640 576
1648 576
1552 584
264 592
640 592
1112 592
1240 592
1336 592
1488 592
992 600
1016 600
1168 600
1208 600
1224 600
1552 600
256 608
440 608
712 608
1040 608
424 616
712 616
1592 616
248 624
448 624
1240 624
1632 624
568 632
584 632
1344 632
1600 632
240 640
720 640
1232 640
1416 640
232 648
544 648
600 648
824 648
1008 648
1040 648
1408 648
1416 648
224 656
296 656
544 656
648 656
1008 656
1272 656
1464 656
504 664
632 664
288 672
576 672
472 680
1368 680
1560 680
1192 688
1232 688
1264 688
1536 688
1648 688
1080 696
1176 696
1328 696
1416 704
1600 704
312 712
400 712
728 712
1192 712
1568 712
1576 712
1600 712
640 720
936 720
1192 720
1560 720
1568 720
1592 720
936 728
1544 728
1240 736
1576 736
640 744
1336 744
1560 744
320 752
736 752
1536 752
912 760
1088 760
1112 760
1448 760
1272 768
1544 768
1184 776
1248 776
1264 776
1272 776
1296 776
1544 776
976 784
1248 784
1504 792
1552 792
1600 792
1584 800
64 808
1064 808
1272 808
1552 808
1568 808
1584 808
960 816
1064 816
1600 816
1488 824
1312 832
904 840
1192 840
1344 840
1400 840
960 848
1184 848
1064 856
1176 856
1360 856
288 864
1056 864
1040 872
1048 872
1472 880
1608 880
1144 888
1176 888
1488 888
1608 888
360 896
1480 896
360 904
1544 920
608 936
656 936
752 936
1224 936
1288 936
1560 936
120 944
528 944
880 944
1216 944
1432 944
1560 944
568 952
920 952
1664 952
448 960
920 960
1248 960
448 968
912 968
1192 968
1456 968
464 976
1256 976
1536 976
464 984
1392 984
1520 984
1528 984
584 992
1408 992
1600 992
512 1000
896 1000
1344 1000
1408 1000
1600 1000
8 1008
576 1008
1528 1008
1600 1008
8 1016
40 1016
168 1016
568 1016
1280 1016
544 1024
584 1024
1392 1024
1496 1024
32 1032
424 1040
1504 1040
184 1048
424 1048
832 1048
176 1056
832 1056
1552 1056
168 1064
440 1064
736 1064
856 1072
1424 1072
1320 1080
1664 1088
1520 1096
1512 1104
1632 1104
992 1112
1000 1120
1320 1120
1440 1120
1456 1120
1496 1120
432 1128
568 1128
1008 1128
1320 1128
1440 1128
1624 1128
1320 1136
1432 1136
1440 1136
936 1144
1000 1144
1024 1144
1376 1144
1392 1144
256 1152
920 1152
1008 1152
1304 1152
1376 1152
1400 1152
504 1160
720 1160
736 1160
800 1160
1304 1160
712 1168
792 1168
1296 1168
712 1176
824 1176
856 1176
880 1176
736 1184
800 1184
824 1184
848 1184
880 1184
1064 1184
1360 1184
1528 1184
880 1192
1352 1192
1656 1192
752 1200
816 1200
872 1200
1352 1200
1424 1200
496 1208
496 1216
656 1216
1104 1216
1592 1216
312 1224
1496 1224
1568 1224
1576 1224
1592 1224
1608 1224
888 1232
928 1232
1088 1232
1136 1232
592 1240
864 1240
920 1240
1128 1240
1464 1240
1520 1240
592 1248
904 1248
920 1248
1104 1248
1256 1248
1504 1248
304 1256
896 1256
904 1256
1472 1256
1504 1256
520 1264
896 1264
1264 1264
1352 1264
1464 1264
344 1272
520 1272
624 1272
824 1272
1464 1272
344 1280
912 1280
1256 1280
1496 1280
1528 1280
808 1288
816 1288
1248 1288
1448 1288
1480 1288
808 1296
1480 1296
1656 1296
1264 1304
1296 1304
1472 1304
1656 1304
464 1312
624 1312
136 1320
1080 1320
1088 1320
1240 1320
936 1328
896 1336
912 1336
936 1336
960 1336
680 1344
856 1344
1296 1344
1480 1344
1528 1344
96 1352
952 1352
1520 1352
32 1360
1024 1360
1040 1360
112 1368
384 1368
888 1368
1384 1368
1640 1368
128 1376
880 1376
1000 1376
1112 1376
904 1384
1112 1384
1448 1384
1648 1384
896 1392
1648 1392
208 1400
1128 1400
1368 1400
1496 1400
208 1408
976 1408
1120 1408
72 1416
888 1416
72 1424
96 1424
320 1424
1112 1424
1136 1424
1432 1424
64 1432
1112 1432
1136 1432
1208 1432
1328 1432
1368 1432
8 1440
88 1440
880 1440
952 1440
1112 1440
1128 1440
1200 1440
1208 1440
8 1448
512 1448
880 1448
904 1448
976 1448
1032 1448
1232 1448
512 1456
960 1456
1144 1456
1232 1456
1304 1456
960 1464
984 1464
1560 1464
904 1472
1288 1472
880 1480
944 1480
968 1480
688 1488
928 1488
960 1488
968 1488
1040 1488
1280 1488
1320 1488
688 1496
1280 1496
1312 1496
1344 1496
760 1504
1096 1504
1184 1504
1232 1504
1312 1504
1344 1504
504 1512
800 1512
984 1512
1096 1512
1128 1512
1184 1512
1216 1512
408 1520
800 1520
976 1520
1112 1520
1184 1520
1240 1520
928 1528
944 1528
968 1528
976 1528
1224 1528
48 1536
440 1536
1144 1536
1176 1536
328 1544
344 1544
896 1544
1256 1544
1144 1552
184 1560
728 1560
752 1560
896 1560
944 1560
1136 1560
720 1568
744 1568
896 1568
760 1576
1104 1576
216 1584
224 1584
240 1584
1256 1584
184 1592
216 1592
376 1592
1168 1592
184 1600
248 1600
352 1600
1016 1600
208 1608
328 1608
768 1608
856 1608
880 1608
888 1608
904 1608
1272 1608
768 1616
888 1616
1280 1616
232 1624
528 1624
848 1624
872 1624
1008 1624
1032 1624
1152 1624
1280 1624
848 1632
928 1632
968 1632
992 1632
1024 1632
1448 1632
296 1640
960 1640
976 1640
1056 1640
1160 1640
1448 1640
1576 1640
1664 1640
128 1648
960 1648
1048 1648
1576 1648
280 1656
1016 1656
1032 1656
1040 1656
1064 1656
1120 1656
1568 1656
1608 1656
608 1664
1016 1664
1064 1664
608 0
824 8
384 16
408 16
424 16
952 16
296 24
488 24
512 24
584 24
976 24
1000 24
1064 24
224 32
416 32
584 32
608 32
672 32
960 32
1000 32
1064 32
216 40
368 40
384 40
480 40
632 40
960 40
424 48
480 48
960 48
984 48
1056 48
208 56
416 56
424 56
448 56
472 56
808 56
896 56
960 56
976 56
8 64
216 64
416 64
440 64
488 64
496 64
608 64
936 64
976 64
88 72
440 72
456 72
488 72
880 72
936 72
1000 72
88 80
184 80
432 80
632 80
872 80
896 80
968 80
1008 80
1056 80
1104 80
8 88
64 88
208 88
464 88
496 88
560 88
632 88
856 88
1056 88
208 96
488 96
632 96
896 96
960 96
1048 96
360 104
896 104
912 104
936 104
424 112
600 112
624 112
776 112
800 112
968 112
1008 112
1040 112
392 120
416 120
368 128
496 128
520 128
560 128
904 128
496 136
512 136
520 136
736 136
992 136
1008 136
360 144
376 144
464 144
536 144
1104 144
376 152
536 152
816 152
552 160
168 168
184 168
400 168
736 168
936 168
24 176
184 176
576 176
136 184
176 184
576 184
944 184
480 192
944 192
544 200
568 200
960 200
584 208
712 208
952 208
1088 208
48 216
160 216
576 216
648 216
952 216
320 224
536 224
488 232
552 232
576 232
656 232
960 232
40 240
544 240
912 240
1024 240
40 248
328 248
352 248
1024 248
192 256
320 256
568 256
600 256
664 256
32 264
344 264
392 264
560 264
24 272
240 272
688 272
1096 272
16 280
280 280
680 280
832 280
1056 280
328 288
544 288
1056 288
1072 288
8 296
352 296
560 296
584 296
888 296
584 304
600 304
784 304
1064 304
0 312
136 312
224 312
512 312
776 312
864 312
880 312
896 312
904 312
920 312
992 312
1008 312
1080 312
1096 312
168 320
592 320
992 320
1080 320
160 328
576 328
856 328
912 328
936 328
1032 328
1048 328
1064 328
568 336
600 336
856 336
920 336
936 336
1048 336
1072 336
496 344
568 344
664 344
896 344
920 344
944 344
304 352
448 352
664 352
696 352
784 352
864 352
896 352
944 352
1088 352
240 360
264 360
304 360
512 360
560 360
584 360
768 360
776 360
792 360
832 360
864 360
1024 360
264 368
640 368
768 368
952 368
1024 368
640 376
248 384
272 384
1016 384
1088 384
168 392
272 392
656 392
736 392
776 392
808 392
888 392
984 392
656 400
776 400
160 408
1056 408
160 416
384 416
824 416
1064 416
144 424
152 424
200 424
496 424
720 424
920 424
432 432
456 432
664 432
848 432
1072 432
192 440
296 440
416 440
800 440
1088 440
184 448
1032 448
1096 448
16 464
392 464
1024 464
1064 464
16 472
200 472
256 472
1040 472
1056 472
1096 472
256 480
496 480
688 480
784 480
824 480
488 488
728 488
824 488
1048 488
600 496
392 504
736 504
768 504
792 504
800 504
784 512
824 512
840 512
1024 512
440 520
352 528
672 528
1048 528
608 536
632 536
704 536
632 544
600 552
792 552
816 552
848 552
592 560
760 560
784 560
840 560
888 560
184 568
352 568
592 568
704 568
904 568
688 576
696 576
760 584
328 592
344 592
456 592
760 592
984 592
640 600
848 600
392 608
1024 608
432 616
856 616
352 624
400 624
584 624
624 624
808 624
848 624
952 624
968 624
608 632
808 632
312 640
608 640
792 640
840 640
304 648
384 648
744 648
840 648
920 656
936 656
384 664
592 664
1064 664
0 672
24 672
368 672
848 672
16 688
280 688
1000 688
552 696
1032 696
112 704
568 704
656 728
1008 728
888 736
872 744
680 752
872 752
952 752
240 760
616 760
664 760
864 760
912 760
928 760
968 760
232 768
304 768
528 768
608 768
864 768
904 768
960 768
304 776
472 776
528 776
856 776
904 776
544 784
568 784
584 784
600 784
880 784
952 784
672 792
864 792
896 792
576 800
728 808
992 808
616 816
864 816
1008 816
72 824
608 824
648 824
832 824
1000 824
576 832
592 832
976 832
1000 832
344 840
840 840
968 840
224 848
336 848
832 848
960 848
992 848
1008 848
312 856
536 856
984 856
304 864
312 864
728 864
840 864
976 864
1000 864
1096 864
304 872
720 872
840 872
904 872
592 880
616 888
640 888
736 912
592 920
736 920
1096 920
136 928
704 928
904 928
136 936
744 936
40 944
208 944
392 944
408 944
432 944
736 944
752 944
736 952
752 952
800 952
0 960
336 960
584 960
600 960
728 960
816 960
616 968
632 968
1104 968
16 976
856 976
1104 976
264 984
576 984
640 984
688 984
776 984
848 984
872 984
264 992
456 992
760 992
816 992
848 992
872 992
896 992
696 1000
720 1000
784 1000
800 1000
816 1000
864 1000
936 1000
648 1008
720 1008
784 1008
824 1008
784 1016
288 1024
656 1024
712 1024
480 1032
752 1032
488 1040
504 1040
592 1040
800 1040
904 1040
504 1048
136 1056
144 1056
160 1056
496 1056
760 1056
136 1064
568 1064
584 1064
600 1064
840 1064
856 1064
584 1072
848 1072
152 1080
344 1080
560 1080
584 1080
592 1080
656 1080
680 1080
776 1080
632 1088
656 1088
696 1088
856 1088
960 1088
1048 1088
632 1096
688 1096
1040 1096
688 1104
704 1104
432 0
544 0
192 8
264 8
528 8
616 8
648 8
704 8
144 16
336 16
384 16
400 16
680 16
704 16
632 24
656 24
696 24
64 32
136 32
272 32
296 32
408 32
616 32
632 32
648 32
272 40
320 40
616 40
648 40
712 40
56 48
304 48
696 48
320 56
416 56
568 56
592 56
696 56
264 64
376 64
416 64
592 64
616 64
632 64
688 64
504 72
512 72
688 72
272 80
288 80
368 80
496 80
656 80
680 80
688 80
248 88
336 88
360 88
480 88
680 88
352 96
696 96
328 104
368 104
544 104
360 112
16 120
88 120
112 120
376 120
624 120
16 128
488 128
0 136
224 136
464 136
24 144
208 144
376 144
432 144
24 152
88 152
200 152
232 152
600 152
24 160
440 160
464 160
16 168
208 168
224 168
400 168
440 168
456 168
8 176
224 176
384 176
448 176
216 184
696 184
712 184
0 192
216 192
232 192
384 192
336 200
512 200
104 208
712 208
376 216
448 216
712 216
392 224
440 224
592 224
608 224
624 224
368 232
720 232
168 240
368 240
424 240
520 248
104 256
176 256
400 256
432 256
488 256
584 256
648 256
672 256
104 264
552 264
136 272
568 272
608 272
96 280
128 280
560 280
712 280
128 288
120 296
720 296
552 304
704 304
168 312
328 312
520 312
576 312
688 312
328 320
480 320
400 328
480 328
528 328
288 336
520 336
544 336
232 344
424 344
232 352
400 352
400 360
560 360
392 368
504 368
232 376
464 376
536 376
208 384
224 384
432 384
456 384
504 384
648 384
424 392
648 392
544 400
280 408
528 408
224 416
328 416
528 416
552 416
216 424
488 424
520 424
552 424
248 432
520 432
616 432
72 464
432 480
664 480
416 488
440 488
576 488
608 488
160 496
408 496
448 496
576 496
152 504
360 504
600 504
640 504
400 512
416 512
568 512
584 512
600 512
416 520
568 520
592 520
624 520
384 528
568 528
592 528
480 536
568 536
376 544
400 544
568 544
376 552
392 552
592 552
640 552
544 560
632 560
200 568
368 568
632 568
648 568
664 568
408 584
496 600
448 632
464 632
480 632
528 632
584 632
416 640
448 640
568 640
376 648
472 648
560 648
168 656
456 656
472 656
552 656
560 656
576 656
592 656
336 664
424 664
536 664
552 664
616 664
512 672
536 672
584 672
496 680
528 680
496 688
88 696
600 696
88 704
104 704
104 712
384 712
448 712
464 712
416 720
432 720
528 720
632 720
688 720
352 0
416 8
432 8
464 8
176 16
208 16
264 16
416 16
192 24
208 24
280 24
408 24
424 24
256 32
272 32
456 32
272 40
328 40
336 40
352 40
456 40
320 48
328 48
448 48
360 56
448 56
464 56
72 72
232 72
320 72
408 72
72 80
144 80
320 80
8 96
56 96
136 96
152 96
288 96
304 96
416 96
8 104
304 104
0 112
144 112
296 112
104 128
336 128
472 136
240 144
256 144
288 144
240 152
256 152
440 160
64 168
64 176
88 176
352 176
464 184
472 192
264 216
344 216
360 224
264 232
240 240
256 240
352 240
152 248
304 248
384 248
280 256
184 264
256 264
272 264
360 264
144 272
344 272
144 280
176 280
320 280
344 280
320 288
312 296
288 312
304 312
424 312
272 320
296 320
296 328
368 336
392 336
272 344
392 344
248 352
280 360
368 360
304 368
416 368
128 376
360 376
424 376
392 408
272 416
344 416
384 416
248 424
368 424
384 424
296 432
312 432
376 432
408 432
336 440
352 440
344 456
392 456
216 464
272 0
168 8
184 8
296 16
176 24
208 24
216 24
232 24
296 24
136 32
88 40
208 40
0 48
168 48
208 48
0 56
200 56
272 56
0 64
192 64
192 72
296 72
152 96
168 96
232 96
40 112
152 128
168 152
184 152
184 160
176 168
264 168
208 176
224 176
240 176
208 184
224 184
280 200
192 208
248 208
264 208
176 216
240 216
256 216
272 216
240 224
256 224
240 232
264 232
272 240
232 248
192 256
176 272
224 272
216 280
240 280
264 280
264 288
256 296
224 304
120 0
112 8
104 16
136 16
104 24
120 24
136 24
0 32
128 32
128 40
152 56
96 72
120 96
72 112
136 112
144 112
128 128
160 136
112 144
152 144
176 152
176 160
160 176
64 0
64 8
88 8
64 16
80 16
64 24
80 56
88 72
80 80
104 88
96 96
112 104
48 0
