632 0
648 0
1256 0
1512 0
1552 0
1624 0
608 8
1240 8
1512 8
168 16
488 16
728 16
1240 16
168 24
616 24
896 24
592 32
616 32
640 32
888 32
192 40
272 40
456 40
616 40
640 40
928 40
1408 40
1512 40
1656 40
304 48
448 48
880 48
928 48
1192 48
1512 48
1600 48
448 56
880 56
920 56
1016 56
1456 56
1488 56
1504 56
1600 56
256 64
632 64
1016 64
1456 64
288 72
312 72
336 72
656 72
728 72
736 72
952 72
1256 72
640 80
1312 80
1488 80
136 88
344 88
600 88
640 88
720 88
768 88
888 88
1352 88
1568 88
1584 88
24 96
136 96
160 96
744 96
1448 96
1472 96
152 104
304 104
336 104
352 104
624 104
744 104
872 104
304 112
352 112
584 112
672 112
368 120
656 120
688 120
776 120
1328 120
1512 120
1536 120
128 128
288 128
656 128
1592 128
128 136
1296 136
1520 136
104 144
320 144
664 144
688 144
320 152
784 152
864 152
1448 152
336 160
464 160
736 160
952 160
1352 160
616 168
648 168
1408 168
1176 176
1336 176
1528 176
88 184
512 184
752 184
768 184
272 192
624 192
1208 192
288 200
328 200
728 200
784 200
848 200
1368 200
1464 200
752 208
1520 208
776 216
1112 216
1496 216
264 224
552 224
704 224
1552 224
544 232
808 232
1224 232
808 240
656 248
808 248
832 248
792 256
840 256
280 264
600 264
664 264
784 264
280 272
872 272
1424 280
880 288
1424 288
728 296
1392 296
1424 296
1448 296
1600 296
856 304
1448 304
856 312
888 312
1408 312
816 320
1464 320
1616 320
1632 320
472 328
656 328
816 328
1632 328
488 336
648 336
872 336
816 344
72 352
840 352
72 360
208 360
528 360
736 360
824 360
1376 360
1448 360
992 368
1376 368
1544 368
1616 368
1432 376
1656 376
64 392
296 392
56 400
344 400
568 400
808 400
1344 400
1592 400
48 408
328 408
848 408
1008 408
1040 408
40 416
360 416
1016 416
1648 416
432 424
736 424
1256 424
1608 424
768 432
1024 432
1560 432
1592 432
312 440
824 440
1560 440
1584 440
1592 440
544 448
848 448
1568 448
1584 448
1608 448
16 456
336 456
536 456
816 456
1336 456
1600 456
264 464
1184 464
8 472
232 472
344 472
776 472
1176 472
1328 472
1624 472
0 480
232 480
368 480
560 480
712 480
1304 480
1360 480
1496 480
1552 480
1584 480
1616 480
112 488
848 488
1336 488
1496 488
1520 488
792 496
872 496
1312 496
1376 496
1560 496
456 504
864 504
1416 504
1560 504
1584 504
1600 504
288 512
456 512
800 512
904 512
1296 512
1320 512
1384 512
1408 512
800 520
816 520
856 520
1424 520
1520 520
400 528
464 528
1008 528
1032 528
1352 528
1424 528
368 536
616 536
1048 536
1136 536
1424 536
368 544
488 544
776 544
1168 544
1184 544
1416 544
632 552
648 552
808 552
848 552
1168 552
1192 552
1256 552
1440 552
1456 552
1472 552
1544 552
760 560
712 568
728 568
1056 568
1312 568
1544 568
1560 568
408 576
1528 576
1640 576
1648 576
1552 584
264 592
640 592
1112 592
1240 592
1336 592
1488 592
992 600
1016 600
1168 600
1208 600
1224 600
1552 600
256 608
440 608
712 608
1040 608
424 616
712 616
1592 616
248 624
448 624
1240 624
1632 624
568 632
584 632
1344 632
1600 632
240 640
720 640
1232 640
1416 640
232 648
544 648
600 648
824 648
1008 648
1040 648
1408 648
1416 648
224 656
296 656
544 656
648 656
1008 656
1272 656
1464 656
504 664
632 664
288 672
576 672
472 680
1368 680
1560 680
1192 688
1232 688
1264 688
1536 688
1648 688
1080 696
1176 696
1328 696
1416 704
1600 704
312 712
400 712
728 712
1192 712
1568 712
1576 712
1600 712
640 720
936 720
1192 720
1560 720
1568 720
1592 720
936 728
1544 728
1240 736
1576 736
640 744
1336 744
1560 744
320 752
736 752
1536 752
912 760
1088 760
1112 760
1448 760
1272 768
1544 768
1184 776
1248 776
1264 776
1272 776
1296 776
1544 776
976 784
1248 784
1504 792
1552 792
1600 792
1584 800
64 808
1064 808
1272 808
1552 808
1568 808
1584 808
960 816
1064 816
1600 816
1488 824
1312 832
904 840
1192 840
1344 840
1400 840
960 848
1184 848
1064 856
1176 856
1360 856
288 864
1056 864
1040 872
1048 872
1472 880
1608 880
1144 888
1176 888
1488 888
1608 888
360 896
1480 896
360 904
1544 920
608 936
656 936
752 936
1224 936
1288 936
1560 936
120 944
528 944
880 944
1216 944
1432 944
1560 944
568 952
920 952
1664 952
448 960
920 960
1248 960
448 968
912 968
1192 968
1456 968
464 976
1256 976
1536 976
464 984
1392 984
1520 984
1528 984
584 992
1408 992
1600 992
512 1000
896 1000
1344 1000
1408 1000
1600 1000
8 1008
576 1008
1528 1008
1600 1008
8 1016
40 1016
168 1016
568 1016
1280 1016
544 1024
584 1024
1392 1024
1496 1024
32 1032
424 1040
1504 1040
184 1048
424 1048
832 1048
176 1056
832 1056
1552 1056
168 1064
440 1064
736 1064
856 1072
1424 1072
1320 1080
1664 1088
1520 1096
1512 1104
1632 1104
992 1112
1000 1120
1320 1120
1440 1120
1456 1120
1496 1120
432 1128
568 1128
1008 1128
1320 1128
1440 1128
1624 1128
1320 1136
1432 1136
1440 1136
936 1144
1000 1144
1024 1144
1376 1144
1392 1144
256 1152
920 1152
1008 1152
1304 1152
1376 1152
1400 1152
504 1160
720 1160
736 1160
800 1160
1304 1160
712 1168
792 1168
1296 1168
712 1176
824 1176
856 1176
880 1176
736 1184
800 1184
824 1184
848 1184
880 1184
1064 1184
1360 1184
1528 1184
880 1192
1352 1192
1656 1192
752 1200
816 1200
872 1200
1352 1200
1424 1200
496 1208
496 1216
656 1216
1104 1216
1592 1216
312 1224
1496 1224
1568 1224
1576 1224
1592 1224
1608 1224
888 1232
928 1232
1088 1232
1136 1232
592 1240
864 1240
920 1240
1128 1240
1464 1240
1520 1240
592 1248
904 1248
920 1248
1104 1248
1256 1248
1504 1248
304 1256
896 1256
904 1256
1472 1256
1504 1256
520 1264
896 1264
1264 1264
1352 1264
1464 1264
344 1272
520 1272
624 1272
824 1272
1464 1272
344 1280
912 1280
1256 1280
1496 1280
1528 1280
808 1288
816 1288
1248 1288
1448 1288
1480 1288
808 1296
1480 1296
1656 1296
1264 1304
1296 1304
1472 1304
1656 1304
464 1312
624 1312
136 1320
1080 1320
1088 1320
1240 1320
936 1328
896 1336
912 1336
936 1336
960 1336
680 1344
856 1344
1296 1344
1480 1344
1528 1344
96 1352
952 1352
1520 1352
32 1360
1024 1360
1040 1360
112 1368
384 1368
888 1368
1384 1368
1640 1368
128 1376
880 1376
1000 1376
1112 1376
904 1384
1112 1384
1448 1384
1648 1384
896 1392
1648 1392
208 1400
1128 1400
1368 1400
1496 1400
208 1408
976 1408
1120 1408
72 1416
888 1416
72 1424
96 1424
320 1424
1112 1424
1136 1424
1432 1424
64 1432
1112 1432
1136 1432
1208 1432
1328 1432
1368 1432
8 1440
88 1440
880 1440
952 1440
1112 1440
1128 1440
1200 1440
1208 1440
8 1448
512 1448
880 1448
904 1448
976 1448
1032 1448
1232 1448
512 1456
960 1456
1144 1456
1232 1456
1304 1456
960 1464
984 1464
1560 1464
904 1472
1288 1472
880 1480
944 1480
968 1480
688 1488
928 1488
960 1488
968 1488
1040 1488
1280 1488
1320 1488
688 1496
1280 1496
1312 1496
1344 1496
760 1504
1096 1504
1184 1504
1232 1504
1312 1504
1344 1504
504 1512
800 1512
984 1512
1096 1512
1128 1512
1184 1512
1216 1512
408 1520
800 1520
976 1520
1112 1520
1184 1520
1240 1520
928 1528
944 1528
968 1528
976 1528
1224 1528
48 1536
440 1536
1144 1536
1176 1536
328 1544
344 1544
896 1544
1256 1544
1144 1552
184 1560
728 1560
752 1560
896 1560
944 1560
1136 1560
720 1568
744 1568
896 1568
760 1576
1104 1576
216 1584
224 1584
240 1584
1256 1584
184 1592
216 1592
376 1592
1168 1592
184 1600
248 1600
352 1600
1016 1600
208 1608
328 1608
768 1608
856 1608
880 1608
888 1608
904 1608
1272 1608
768 1616
888 1616
1280 1616
232 1624
528 1624
848 1624
872 1624
1008 1624
1032 1624
1152 1624
1280 1624
848 1632
928 1632
968 1632
992 1632
1024 1632
1448 1632
296 1640
960 1640
976 1640
1056 1640
1160 1640
1448 1640
1576 1640
1664 1640
128 1648
960 1648
1048 1648
1576 1648
280 1656
1016 1656
1032 1656
1040 1656
1064 1656
1120 1656
1568 1656
1608 1656
608 1664
1016 1664
1064 1664
